list(theta=c(-2.25006E+01, -1.72406E+01, 1.25115E+02, -9.75295E+01, 1.58346E+02, 6.71576E+01, 1.90316E+01, 1.84067E+02), mu.theta=-5.27462E+01, sigma.theta=6.21691E+01)
