list(theta=c(6.27466E+01, 8.77441E+01, -6.57644E+01, 7.34418E+01, 6.43635E+01, -5.20052E+01, -2.08782E+01, 2.08532E+01), mu.theta=1.47850E+02, sigma.theta=2.70131E+01)
