list(theta=c(3.99760E+01, -1.46580E+01, 8.23201E+01, 4.70155E+01, 9.48786E+01, 4.35493E+01, 4.33762E+01, -1.77705E+00), mu.theta=-1.54284E+02, sigma.theta=8.63885E+01)
