list(theta=c(-7.10704E+01, -6.65755E+01, 6.30203E+01, 7.01605E+01, -9.81819E+01, 1.81154E+02, 2.13970E+02, 1.81869E+02), mu.theta=6.10012E+01, sigma.theta=5.19630E+01)
